11100101000100010110000101101001001010111010111110000100110000001110110
11110001001000100011000011110010110101000101001001011010101001000011111
10001000001011100010000000000010000000001110101001000101101001010110101
01010101010101010101010101010101010101010101010101010101010101010101010
00100010101011000010011110011010000001011001101100001000010110101110011
00111100100011010011110111010001000111101001000100011011110010001111000
00100001000000000010110100111011000011111110011101100010100110101000110
00111111101001110001011100000110000111000100011100010001110010010001001
00101000001110100000001101010010100001000000000101000001011001010010100
11110101010001001111010101001111101100101000011011111110010101111011001
00000000001101110100011101010111101000101110000101000111101111011100110
00010110011011111101010101010100110101110011110111010001000001110011101
11000001000001000010101110110110111001010001011101101111101110001100010
11010101100010010101011010010001000110000110100001111011101010001011011
00101001001111110000011101001000010001100011101000000011110101100100010
00111110111000111111011101111100101110100100011110111011001011100101001
10101000000100110110100010111011000000010100000100101101110011010010001
11010001110111110011010100000001011110100010101100010100111101011011001
11000100001110110010010100100110011010100001001000000110000100100100110
01010101010101010101010101010101010101010101010101010101010101010101010
00001110110101110110111101111100110000101100111010101101000110001100101
10110001000111010001110101000001110100001110100010011000101110100011000
11000011110101000110101011011110110000010100111001100100010110001110001
01011000001110000111110000110001101111001000000110010010101111100001001
11100100101100000100111111110010110010001111000000100010111110001000110
00010110111100011001001101111000010111110010100101110100000110011001100
10100001110001011000111010011101101001111010101011001010101110101010001
10011100001010011011101111101001111100010001011011111011101010000001010
00100101010110010010001010111101100000100011110000100011011111110000010
10010100101001000011111101011111111111111110010010011100111111010111010
11000100110011001010011100000100000000000101001010100110000011100110010
00011100010111010101111010100101111111110110001001110001001111010101101
00100001010110111010011001010101000000010110110100001110001110010100011
00110110100111011011001011111101011111010100010111110000001100010011011
10101101011010000000010000011101010001010110010011001001001101100010011
01010101010101010101010101010101010101010101010101010101010101010101010
00001010001000101010001011001101010001010110001110000100011011011010001
01110001000101011011101101101101011111010101010001110011100110010001011
10100100100101110100011010010101000000010110111010000100000110100000001
01010011010110111001001010101101111111110101011000110101011011110101111
00001011010101101110101100011100000000000100111110100001101011011110101
10110000100111000101100001110111111111111110110110010111010111000111011
10000110111011011000111101110011111001000001010111101100000101000000000
11011101100111010101010000110100100110000100110100011100010011000011010
00001000010110101010010111000110101001111010010010101001010111011000110
01110101000111111001101100101100110110010000011110110100110101101011001
10000000100110111110001110100001110010111011000111101101001101111010110
10011000011101010101011010110111111100101101100001011101100101001011000
10000000101001101100001000010101100001100010001101001000100010000000110
10011100111101101101000110001000111101101011101000011111100000100011110
00100100100111101100000001010000111010100000000000001101010001111000000
01010101010101010101010101010101010101010101010101010101010101010101010
11001011110011111010111111001001001010101101000000000010101000001010010
10010001101011111011110011110110011100011001111111111011101111001101110
01001001001110110100100010110000010001001111001011001101011000110000000
11011100110111011111010100001011000110000100101010111000001000010101111
00000001000111111110100100111011101010000101111100101000011011100110000
00111011001100010111000010111101111110000001100001110001010110100001010
11000100110010100000101110100001111010100101101011101111010101001000001
01110100110111101111000010111011001111111000101011010100101011000101011
10000011100110001010101100001010111001110111010100100010001000010100001
00110010011011010101000001011100110101000100011101010110011001100001001
00100000100111011000011000111100111000101110010001000010111000011100011
01110111011001000001100100110001000101000001011000110001100100111111010
00000000101100101110010111110001000010000001110011100101001001101110100
10111101001001000101100000100011000100001101010111010100010101100101010
00101101100100011000110001100111110001100011001101001010101010010100101
01010101010101010101010101010101010101010101010101010101010101010101010
01001000100000110000010110001111000000001100011101100010101010100100011
10011000101010010111011101111110100111101101110001011010110100011001010
10100011010100111000100110001010111000011110001101100001011010101010011
