1111011111001100001011001110101
1101010000011101000011101000100
1010110111101100000101001110011
1100001100011011110010000001100
1111111100101100100011110000001
0011011110000101111100101001011
1110100111011010011110101010110
1011111010011111000100010110111
0010101111011000001000111100001
1111010111111111111111100100100
0111000001000000000001010010101
1110101001011111111101100010011
0110010101010000000101101101000
0010111111010111110101000101111
0100000111010100010101100100110
0101010101010101010101010101010
0010110011010100010101100011100
1011011011010111110101010100011
0110100101010000000101101110100
0010101011011111111101010110001
1011000111000000000001001111101
1000011101111111111111101101100
1111011100111110010000010101111
0100001101001001100001001101000
0101110001101010011110100100101
1011001011001101100100000111101
0011101000011100101110110001111
0110101101111111001011011000010
0010000101011000011000100011010
0001100010001111011010111010000
0000010100001110101000000000000
