11100101000100010110000101011101101000001111111111000010000000010010111
11110001001000100011000011111010110111110111010101011101011011010101100
10001101011100010110010001011000110010001001110010000010110101010100011
01010101010101010101010101010101010101010101010101010101010101010101010
00100000101110001000000000001000000000111010100100100110100101011100110
00111000011010011101111010001000111101001000100010111110010001100001100
00100000000000011100100111011000111011110011101100100100110101000110110
00111010010000111001000110000110001110001000100000011110010011111101001
00101001000000011010010010100010011010111101110000001011001011010010111
10111010111001110101101111101001010100011011111100110101100111001111010
11101101110110101010000111101001011010000101001111001111011011001000111
10011010011110101011010100110011100111110111000010010001001101100101000
11000001001001011100110110111010100001011101111111001110101000100100001
11010010011100111101111001011110110111001101110101010011010110010001100
00101100000111001110000101100000110001111101110111100100001110011000111
00010011010101010111101010110100011110100011001100110101100110100101010
10000001101001010110111011010101111011111100101010100101001111001110001
11111011011101001001010100100011110110101111011010111110101110100011100
11000100100101111000111011100101101000001111110100001010010110001100101
01010101010101010101010101010101010101010101010101010101010101010101010
00001000000000000010000101110001011011110111101110101111001110100000010
10010011101111111011001010001111100101110011101110011000001010001001001
11101010011100101010000101101110111011001000100000101111001111011010011
01010100100010100101110101110100100100110000000100011011001111101011110
11000001010011101100011100101111111010010111000001100010000011000000101
00010101101110101101111011101011101101100110001010111101011111110001010
10101010010111100000111000000010011011011101101111100010001110010100100
10011110100011000001000101110011110111011111000011010100001100100101110
00001100110111010010111001011101100000100011011010000111001101010100101
10110011101010010011110000111111111111111111100010010010011011010111011
11101010001110000100110100000100000000000101100101100100010110010000100
00011111011010011111101110011101111111110110010110110110100110100001101
00000010110001001110101111001101000000010110011001001010001011011000001
00010010101000011101111110000101011111010111101100010101101011010001010
10101000010111011000111101100101010001010101110100100001100111100000010
01010101010101010101010101010101010101010101010101010101010101010101010
00000011001101110000100111001101010001010111010101100110010101110100010
01010110110001010101000100111101011111010100101000111001000011011111001
10000001010111011100000111011101000000010111001010000100100111000110111
01111100010111100101110110001101111111110100000101111111010101000001011
00000011000111101110011101000100000000000111100001000001111101000000101
10010000111101111011011000010111111111111110101110010100000101011001110
10100101001101101010110110000000101010100001000111100111010010101000110
11010101000010010001110101010110101111011001101111010011100000111011110
00100010100011011100111101110011001011010111111111101101100001001000101
01111110110010001111111010110001010110100010100110110011011000000001001
10100001110110100010010111001011010000001010100110001010011111100000011
10010010000011001111100100000001011111110000000110011101101000111001000
10100001011100100110001000111111110000111110001001001001011000001000011
10110000100110001011101011100001111101011111110011010000001011001101110
00001000010110001100001001110101000001101000110001001011110110110010111
01010101010101010101010101010101010101010101010101010101010101010101010
11100010100111100110010011110101110011110011111011000010100101010110110
10011010100111111001110100001101011100011111100000111110111011100111110
01000000111111001000111001011111011001110010010000000111101000100010010
11011101101000100101001000000011101110001001110000110011100101001011001
00001001111101001000100010111101110010011110111101000111101000000100011
00011011000111101011111111011110011100100001011001111011111011010111010
11000000110111110010010000101110100000111110100101100101111101100000010
01011001001001111111110111000010111101100111111000110101101000011111101
10100111010010000110000101101100001001011101110111001010010000111110110
00111010101001111011101010000001011110011001000100011110100111001101110
00100001100100111010100011000111100011100101110010000100010111000100001
01110100101011001001000100100110001100001000001011010010001100010011011
00000011010010010010011010111110001000010000001110001110101001001100001
10111101000101000101010100010100011100000001101010111100100010101101000
00000000110000100100000111111011110010100011001010100101000010000000010
01010101010101010101010101010101010101010101010101010101010101010101010
01100010001100110100101001000000001000001101010101001010011100111010001
10010000101011010011010110101010100100010100110001011001010110010001110
10100101001101111100100011100100011010101011111100100000000010100110001
