0001011100010110111101111011101
0010100011111001011100111011100
0001011011101110110010001000001
1101011101001001001100000001000
0111001011111110100101110000011
1110111010111011011001100010101
1110000000100110110111011011111
0001011100111101110111110000110
1110010111011000001000110110100
1100001111111111111111111000100
1101000001000000000001011001011
1011100111011111111101100101101
1011110011010000000101100110010
1111100001010111110101111011000
1111011001010100010101011101001
0101010101010101010101010101010
1001110011010100010101110101011
0001001111010111110101001010001
0001110111010000000101110010100
1101100011011111111101000001011
0111010001000000000001111000010
0110000101111111111111101011100
1101100000001010101000010001111
1101010101101011110110011011110
1111011100110010110101111111111
1110101100010101101000101001101
0101110010110100000010101001100
1001000000010111111100000001100
0010001111111100001111100010010
1010111000011111010111111100110
0010011101010000011010001100010
