11100101000100010110000101101001001010111010111110000100110000001110110
11110001001000100011000011110010110101000101001001011010101001000011111
10001000001011100010000000000010000000001110101001000101101001010110101
01010101010101010101010101010101010101010101010101010101010101010101010
00100010101011000010011110011010000001011001101100001000010110101110011
00111100100011010011110111010001000111101001000100011011110010001111000
00100001000000000010110100111011000011111110011101100010100110101000110
00111111101010110001011100000110000111000100011100010001110010010001001
00101000001111100000001101010010100001000000000101000001011001010010100
11110101010001001111010101001111101100101000011011111110010101111011001
00000000001101110100011101010111101000101110000101000111101111011100110
00010110011011111101010101010100110101110011110111010001000001110011101
11000001000001000010101110110110111001010001011101101111101110001100010
11010101100010000111000010010101111100011010100100010011111010001011011
00101001001111111010100011010101110010001111110100100101110101100100010
00111110111000111111011111011101001100100011011110011001111011100101001
10101000000100111000010101101100000001110110110000001110000011010010001
11010001110111101011111011000000111110011111010110010011111101011011001
11000100001110111110111000111110100011100000001010101001000100100100110
01010101010101010101010101010101010101010101010101010101010101010101010
00001110110101111110011111010011010011011111100100101001000110001100101
10110001000111001011101111001001111100110001110110111110101110100011000
11000011110101000100010000101111110011101010111101101001010110001110001
01011000001110011111011101000011000111101010110011010001001111100001001
11100100101100011110001101010000100010110010101110000000101110001000110
00010110111100001001000000110010101110100010011100010100100110011001100
10100001110001010110011111110111101001011011010000100000001110101010001
10011100001011110111010011001100001110101111100111011111101010000001010
00100101010110110100011000101101100000100010100110000110101111110000010
10010100101001111111011010001111111111111110110000110100111111010111010
11000100110011011000000101000100000000000100001111101110000011100110010
00011100010110001001010001010101111111110111010111110110001111010101101
00100001010111000010011110010101000000010111000010100011001110010100011
00110110100111011001101001001101011111010101111001011101001100010011011
10101101011010000000010011101101010001010110010101100000001101100010011
01010101010101010101010101010101010101010101010101010101010101010101010
00001010001001011000111000011101010001010110101110001011111011011010001
01110001000101101101001100001101011111010101010101010100000110010001011
10100100100101100100001101110101000000010110111110001100000110100000001
01010011010111100111100101111101111111110100100011010101101011110101111
00001011010101101010000101111100000000000100000100000010001011011110101
10110000100110010001011000100111111111111110010111110111100111000111011
10000110111011110110010100100011111001000001110000100100000101000000000
11010101100111111011100100011000010110100000100101110010100011000011010
00001000010111101000010011000001010000010011110010100100110111011000110
01110101000111000011101111100110011110000000111100011000100101101011001
10000000100111011100010110010001001010101011100101100000011101111010110
10011000011100101001001101010011001111000100110001111110010101001011000
10000000101001001010011000101111101000011010001010101100010010000000110
10011100111101101011010000000110010110011010101101111001000000100011110
00000100100110000110101100010000000011001101110100101001110001111000000
01010101010101010101010101010101010101010101010101010101010101010101010
11101011110010111100011000001101100000111101011001000000001000001010010
10010001101011110101001001111111111110100001111110010111001111001101110
01001001001111101110100101010000111001000100111000100110101000110000000
11011100110111010111111101001100101111000101000101010110001000010101111
00000001000111000010110001110001111011111011001110101001111011100110000
00111011001101011011110111000101101110000110000001110101010110100001010
11000100110010100000101110100001111010100101101011101111010101001000001
01110100110111101111000010111011001111111000101011010100101011000101011
10000011100110001010101100001010111001110111010100100010001000010100001
00110010011011010101000001011100110101000100011101010110011001100001001
00100000100111011000011000111100111000101110010001000010111000011100011
01110111011001000001100100110001000101000001011000110001100100111111010
00000000101100101110010111110001000010000001110011100101001001101110100
10111101001001000101100000100011000100001101010111010100010101100101010
00101101100100011000110001100111110001100011001101001010101010010100101
01010101010101010101010101010101010101010101010101010101010101010101010
01001000100000110000010110001111000000001100011101100010101010100100011
10011000101010010111011101111110100111101101110001011010110100011001010
10100011010100111000100110001010111000011110001101100001011010101010011
