0111110100110100110111111001001
1011110010011111001100011101101
0100001011111100111010101111011
0111010000110001111010101100110
0011010100001000101100101011100
0000001100101011101000100111000
0111111101111010010110110100001
0100110011000011101011111001110
0110001011011000001000101001100
0110100011111111111111101100001
0001010001000000000001000011111
0100010101011111111101110101111
0111100101010000000101110000101
1010010011010111110101011110010
0100111011010100010101100101011
0101010101010101010101010101010
1110000111010100010101101011100
0011000011010111110101010101010
0011011101010000000101101111100
1001011111011111111101001000110
0001011111000000000001000001000
0110001001111111111111100101111
0101001000111110010000011100001
1001000110000101101000001001011
0100110000010100000100111100101
1011111001100111100000001111000
0101100100010010101010111001011
0011010100110011110001001100011
0110001011111010000110100010101
0100000001100101100110101011011
1011000100000000110011011101001
