11100111000100111000010111110110010010101010101101000011011000111100001
11010000101010101101101001011010100101001100010110110101000111011011110
10001000001011001100110001000010110010111010011010100011001100010010101
01010101010101010101010101010101010101010101010101010101010101010101010
00100100000000111010010010010110100010101110101011000000011000110000011
00011100110001111111100111011001010101101010001101110001010101110001000
00100000001000111010001000100010111010010001100010100110011010000010011
01110101110000110001100011100000101101010110100110011010100101010001110
10101101010100010000000000100000011010110011110000101000000100111000111
00111011110101001011000011011111100110101100111100010100001111001001110
10100100100101001010110000101001111001111011011001101111111111101000010
00110110101110011101011110111000010100001001111111111011011110101001010
11000101000111010100001011101111111001110101001011001111011100110000001
11011100101111101011010111000111010110011000101010011011111101000111111
00100101100101110100101001001111011010100101101111001111101011100010110
00011011111010000111111101100110110111111111011110110011110110110001010
10000101011000101010101100001111001000011100111111100111100110010000101
11010000010111111011110100001011100100001010101000110001111011101101010
11001000100000011000011011110011111001001100011011001011011011101010110
01010101010101010101010101010101010101010101010101010101010101010101010
00000010000111101100011110110011100001011101001011101001110111001000101
10011010100010100101000000110010101111010111010011111011000101000011111
11000110100111000010100000011100001001100010001010100101010011000100001
01011100010000101001000010001100100110111110100100111110010111110101000
11101010010101111010001110000110000001010110011110100000100101010110110
00010100011110100011001010100110000101001111011010110111001101100101101
10100000111101010000110100100101010010000000001110001000100101000000010
10010100001010100001101100111110010111101010011111011001100010010001101
00101001111010111110100100011101100000100011110110000110110000010100010
10011101000111011101010111011111111111111110101001011110110001100101101
11100010110001001000111111010100000000000100110000000010101000000100101
00011000001011000111110000100101111111110111110111110101001111011001000
01001010011011000110111001110101000000010111100111101000001000100010010
11010100100001110101100000011101011111010100010100010110001000111001001
00001010100010011000011111101101010001010111110000101000001011011000000
01010101010101010101010101010101010101010101010101010101010101010101010
11101001101111111100100001001101010001010111010111001011110110000100011
01011010011000100001101001001101011111010100000111110010100101000001010
00000101000100100100111001110101000000010110101111101110001011001000100
10111010110111100001000010101101111111110100101001011101001000111001110
10000001001110100110110100101100000000000101000100101100100101000110110
00110010010101111001101000110111111111111110000011111000101000111101010
11001101100111000000111100010011111001000000000111100010011011101110000
01110000110101011001110001101110100111111100100011111100111101001001101
00000011001110000000110110011110110011110010011011100101101000001010111
01110010001100010101001011101010011111001011110001010110101000110101110
00100101011100010100111010111000101001110011100101001010001111011100000
11110001110001011001110001001100011110100010011010110111111101011011000
00100101001011101100100100110110101000111100110110000001000000100000100
00110010110111010111100010001100101110100000111000010010011110111111001
10000000001000011110101111001010111001001100010011100010000001000000110
01010101010101010101010101010101010101010101010101010101010101010101010
11101101010011011010110010110011011011000000000001000000101100001010010
00010011010110001101010110110100000100000001010000010011011011000101100
00100010110111010000011001110011011010010011110010000101110001110010001
00110110000111010011111000110010100101111111111000110111111011000101110
10001011111011100110010001101000010001100110110000101000010100001010000
00111000001001111111010000001101100110010111011001010111000110000101101
01001000100001011110110001111110010010000101110100000111111110110100001
10111100000111110111111011001111111110111000010111011100110111101111110
01101111100010000110100110010000110000101101100001001011101100001010001
00111010111010100101101001001111011101010000001011110011001010111001001
10001100010100000110101100101011001000000100100110000100001000010110101
10111110111001011111101001110010011110110001100011111001110010011101010
11001000000001000010001101000101000010100100010100001100000001100110000
00111101000110001001110001101001001100001101011111010010001000001001000
01000001001100011100101110101000100000011000010110000101100000001100101
01010101010101010101010101010101010101010101010101010101010101010101010
10001011011001010010001000011100110001010110011000100001011110111000010
00010101100110001001110011001000101101000101010001010010001000010011001
11100110100101000010001010010100010000100010001010100001010110001000100
