0111101100111000010111010010111
0000001100101011110101110100111
1000000111000010011000100010101
0000100011001001101111101001001
0011100001100000010101100111101
0010101001100001010011110110101
1101001001010100100000000011100
1011001111100101111010100111110
1001000111011000001000111101100
0101110111111111111111101010010
1111110101000000000001001100000
1100001001011111111101111101111
1110011101010000000101111001111
1000000111010111110101000101000
0111111011010100010101111100001
0101010101010101010101010101010
1000010011010100010101110101110
1010010011010111110101000001111
1110011101010000000101101011111
0000101011011111111101001010010
1101001011000000000001010001001
1010001101111111111111100000111
1111000100111110010000000001111
1100011011101001111111001000111
1101100111101100111100100110111
0010111010100111110010111100010
1110101110001010011100111001010
1100010011000111101000100110101
1001001101101010001111001101100
1000100011001011101000001110000
1011110010101110010011000100111
