11101111000000001000011001001110010010101010100000000010011111101010011
11011110101101011111101010110100101101011100110101010101000110010101000
10101100000000110000101100101101001001001101010110001000110001101000001
01010101010101010101010101010101010101010101010101010101010101010101010
00100000001011001100110001000010110010111010011010100011001100010010110
00111111111111100111101100101001001101000110110001011010111000100001000
00100001011001001000110001010110010001110001000110001111000000011100010
10011010000101100011110000010101010111000010001110111010001000100111001
10000110110001000000010000001100110001111000011100000010011001100110010
00111001001010100001110111101001010111001111100010010011111001010011000
00001110101010111000001010010110111011110110001111101101111001110000011
10110010001001001101101010111110111101110010110111110110110101011001001
11001111101111100110111111100000000001011110111010101011110101101100111
11111011001001100111101000001011010111000111111000110110111101101011110
00100010000101010110111011110111111000101001100100100111010111001010000
00110000100110001101011111101111110110011011001101011110010011000001010
10001110101111111110110111100101101010111000000000001000111110000110001
11010001001110110011111010011000101111101100001111111010101011100101010
11001000100101011010010101110001000010100010111110100010000011010110001
01010101010101010101010101010101010101010101010101010101010101010101010
00100001111110010110111000001010111000000100100101000100101011100010101
10110001111001100001110010110000110110010001110011011011001010000011011
11000111001110001010011000100111011001100010011001101001111010100000101
01011110100010110011111110010000000111011101100001011111101011010111011
11101000100011000100100111100001011010110101111111000011110011100010010
00010110001011110001010011100110100101101001010011010000100000000111001
10100000101110010100100011101001001011101100010000000111101110111000111
10010010100011110111110010011000111101010111101110010010110101100011000
00000000000001011010101011101101100000100011001111001100001110110100010
10110110000111000011100010011111111111111110010001010110000100011011001
11101000010100001100111000110100000000000100101110101001001101010110100
00110100111011011001001110010101111111110111010111010110000011000001001
01001000010011101010101010100101000000010110111011101001001000000110010
11010111101110100001111000001101011111010100100110110101101011111001001
00001001000001100110011001111101010001010111111000000000000110010100000
01010101010101010101010101010101010101010101010101010101010101010101010
11101100111010111100100001001101010001010110001000000000000000111100011
01110000010110111011010001011101011111010101001111011000001110101001010
00100110001001111110001110000101000000010111000101000001010101001010000
10111000100010111111000100011101111111110100111111010111110110001011110
10100100111111011100010001011100000000000100101011001100111110110100010
00011001110101000001001110100111111111111111111010010000010100011001110
11001110011101111110001100010011111001000000011100000001000101011000000
01110001000110001111111110101011101110100110001110110110100110000011101
00100001111111101110111100001010111011100010100001000111111010111100001
01011101000101101101010101010001001111111010110110110101000110001111010
00001110011110010000101110001110100010110110100100100111111100001000100
11011001100100001111000110100100011100000011000110111111100110000101000
00001011010110010010111010110011011010000101111010100100111101110010100
00011001011100001011101000010101100111111111101101110000010000001101001
10101000001100100110000111110110001011110111111011100001010111001010110
01010101010101010101010101010101010101010101010101010101010101010101010
11001111000001001000100000111001010010001010011011000011001010100100010
00111001111000110011000101100100001110011001111100111001001001110111100
00100101000110001010100010101100110011000000101110000010011101100000001
00110000101001001111101110011011100101001100111110111000111001001011110
10001100001010101110000100101101110011001111001010100111100110001000000
00011101101100100001010001100000011100010010111111110100111101010111001
01001101000111100110111111011000111001111111100000101101101110010100101
10110000110110011111001111100111011101101100000111011000010101000111110
01100110000011011100000101001101111001001000000001001110011010001000001
00111101111000000001001110011101010101000000110110110011101101000011001
10100010100100101010000111011001010001000000101001000010001001101110001
10011100001001110011011111010011100110011101000011010111110011011001110
11000011010000000010000010011010001001100111100000000100011100010000000
00011100111000001101001001100011000101101010101010111111000000010011000
01000110101011010010000000011110110001000110011100101001111100111010001
01010101010101010101010101010101010101010101010101010101010101010101010
10101011001101001010010111010100010000001100001011000010010000000100110
00010101100110001001110011001000101101000101010001010010001000010011001
11100110100101000010001010010100010000100010001010100001010110001000100
