1110000010101110000001001001010
1100101100001101100100011100110
0110001001110110011000100110011
1111100100000001110111011000010
1001111000010110101101011111110
0100111001101001011010010100110
1000111010010010111011000100000
1100100110001111010101111011100
1010111011011000001000110011110
1000100111111111111111100100010
1110001101000000000001001011101
0011100101011111111101110101110
1010101001010000000101101110111
1110000011010111110101001001101
0110011111010100010101111110000
0101010101010101010101010101010
1000010011010100010101100010000
0100010111010111110101010011110
0011100001010000000101110001010
0001000111011111111101001111110
0100010111000000000001001010110
0011101001111111111111111110100
0011000100111110010000000111000
1111101010111011101001100011101
1111000010101110111000101000010
0101010100010011111110101101101
1011100011101000101101101001001
0001101001000111000000110001101
1110101100110110100001011110101
1010000101011001111111111011011
0001111101100010111101111110111
