11000000000000010000100110111000101001001000110101000010101000100010000
11110111010100001101010001000100010100100100001000110001000101010001101
10101000100010001000100000000001000010110010110100100100110101011000101
01010101010101010101010101010101010101010101010101010101010101010101010
00000010101110011010100000101100111001000100101001000011011010101010010
00110000011011111101010101010110010100001000010101110010011100110001000
00000110100001100000011001001111111010111111100101000100101000100110000
10010101000110011001110011111100011100000100000011010010011000001111001
10100000001000100100000000010000101000000110100010100001011111010100110
00111110001111001001010101110010110111000010101101010111011001000111101
00001001001111010110100101110110010011000011011010001010111110110000000
10011001011011110111100100101010111100110101010111111011101110011011010
11000000100111000010101110100110011000010111111110000100001011111100011
11011111110011111011100110001000001111010101011000011011001101111101000
00100000001110101000110011111000101011100011111101000111110001000110101
00010101010110101011001101101101001111100100110011010100101001001011010
10001000000000101010001010101001010001000100110011001111001110100000110
11010110110000101001000110110101111111001011001100011000000110101001101
11001001001111010110111001000010110011101001000111101010010111011010001
01010101010101010101010101010101010101010101010101010101010101010101010
00001101111101001110100011011111100001111101101101001111001111101010010
10111101011100110001000101011110111101011111100101011110101010000001000
11100110110100001110111011010111001011111000001000001100100110000000110
01011000101011100101111000011101110110011100101110111010101110110001001
11001111110101001100100110110001011011101110000001101101110110101110001
00011000001110101111100101101001101111000101001101011011111111000111011
10101110010110001010011101100111000000110110101010000000011011000100010
10011000101110011111101101111100010101100001010111110111101111010011001
00101000100100110000010010011101100000100011100001100111111110101000110
10010100000100101111110111001111111111111111100111011101101010000011111
11101110010010010010001000110100000000000101010001001111001101110000000
00110000101001111111110001110101111111110110010100110110001110000111010
00100001110111011000001011000101000000010111010101000011000011110110001
00011000000001011001100110011101011111010101111010011100001110010101011
10001001010010101100101110111101010001010111100110101000001011010100001
01010101010101010101010101010101010101010101010101010101010101010101010
00001010110100001010000000011101010001010110011001000011100111000000111
01110001110110001001111100101101011111010101001010011111000010000011001
10101000011111100000100111110101000000010111001011101110001101011000111
01111011101011111011110011011101111111110101101001111100001111011011011
00100100101110101010001100011100000000000101010111101100101011111000011
10011101000100100011001011110111111111111110011100111011111010000111001
10001010000101000100101110110011111001000000000110000010001011011000110
11011011010101110011011011010111010100011101000111010100011101000011000
00100100110011101110100101110011011000101111110001100101010011011010110
01110000001010111001101010101111111101100000011001011000000011000011010
10000011000010011000011100010010011011100010110101001010100001011100000
10111010110100010001001100001100000100000011111100010111111000100001010
10100110110110100010001101101010111010100101101100101110000111110010000
10011001101110110111101011111010000101001100000010111011111101101001010
00000000010111101010011011000001011000011011000000101011100100100000111
01010101010101010101010101010101010101010101010101010101010101010101010
11001001001110111010001010101101010010110001000101101101001011101000010
10110000101011011011001000110110110100101111111011011010111010100001010
01001001010011101110010101100011110000101001111000000101011000011010110
11111110110101011111111110100011101111001101110001111010001001101001001
00100010110111100010100000001110110010011111110110001010100100111100011
00011000101101011001000101010101111100111001101011111110010001011101000
11100101101111011010111100100111011000110111100101000000001100000110110
01010101111011011011100000111011000101111010110111110111110101000101001
10101011001010010000000110111100111001110101001101001010001001000000010
00010000110101100001110001000101100101000111010001010010111100001111110
00100000011101100010100000111011110010011101001100001000100010100100001
01011011100101001001000010100100010100100101100010011110010001100011011
00000101011000001010010111010111010000000110001000101000110101010100101
10110001101010100101001110000100100101110001001101110011000110011101100
00000111001100101010100110101010000000000011000011001010101010100100010
01010101010101010101010101010101010101010101010101010101010101010101010
01100101010101000010000010110000110011101111010000001100101010101010001
10011000101011010011010110101010100100010100110001011001010110011101110
10100101001101111100100011100100011010101011111100100000000010101010001
