1000110111111000011111011011010
0001010111101111010111111001010
1110110101110010111110000010000
1110000111011101100111001011101
1001101100010110111011100000011
1001011010011011110001010011010
0111011001110000001101101010100
1011011111000101011000010101111
0100100111011000001000111000011
1101110011111111111111111001110
0010001101000000000001010100010
1100011101011111111101100101001
0010110001010000000101110101010
1001100111010111110101011110100
1011101111010100010101111001101
0101010101010101010101010101010
0000000111010100010101100110010
1111001011010111110101010010100
1001111101010000000101110010111
1100110111011111111101011010011
0011000111000000000001010101111
0010111101111111111111100111001
1011101100111110010000000001100
0110110101110101000111010001110
1001011100110110001011111100011
1010101011111111011000000110010
0111000100100110111000101101010
0011000011000001000000111111000
0011011010101110101001011011001
1010111110100001010011000000101
0110110000010110000110110000001
